# node network structure for the .nbr-file
-999 -999 -999 -999 -999 -999 -999 -999 -999 -999 -999 -999 -999 -999 -999 -999 -999 -999 -999 -999 -999 -999 -999 -999 -999 -999 -999 -999 -999 -999 42.97088673943825 9.157342716277984 8.788946859326327 7.581651953773207 -999 -999 -999 -999 -999 -999 
-999 -999 -999 -999 -999 -999 -999 -999 -999 -999 -999 -999 -999 -999 -999 -999 -999 -999 -999 -999 -999 -999 -999 -999 -999 -999 -999 -999 -999 -999 -999 -999 -999 7.568923082687693 7.051214439498649 -999 -999 -999 -999 -999 
-999 -999 -999 -999 -999 -999 -999 -999 -999 -999 -999 -999 -999 -999 -999 -999 -999 -999 -999 -999 -999 -999 -999 -999 -999 -999 -999 -999 -999 -999 -999 -999 -999 -999 6.689380918448881 6.327547397399113 6.066599190877781 -999 -999 -999 
-999 -999 -999 -999 -999 -999 -999 -999 -999 -999 -999 -999 -999 -999 -999 -999 -999 -999 -999 -999 -999 -999 -999 -999 -999 -999 -999 -999 -999 -999 -999 -999 -999 -999 -999 -999 5.8056509843564506 5.7037330193978955 -999 -999 
-999 -999 -999 -999 -999 -999 -999 -999 -999 -999 -999 -999 -999 -999 -999 -999 -999 -999 -999 -999 5.926942883174748 5.92694288317475 5.911236970804161 5.9006586431878 -999 -999 -999 -999 -999 -999 -999 -999 -999 -999 -999 -999 -999 5.60181505443934 -999 -999 
-999 -999 -999 -999 -999 -999 -999 -999 -999 -999 -999 -999 -999 -999 -999 -999 7.844481273943405 8.079733367089897 5.621938876940211 5.685782140044374 5.40430005893368 -999 -999 5.867406753722968 5.834154864258137 5.719269684444001 5.643104411459071 5.60799106730285 5.5417815688718886 5.479403020982944 5.393422632230106 5.365788083058488 5.3143358482849035 -999 -999 -999 -999 5.373475016911044 5.145134979382747 -999 
-999 -999 -999 -999 -999 -999 -999 -999 -999 -999 -999 -999 -999 -999 -999 5.6574259520500405 7.609229180796913 -999 -999 -999 -999 -999 -999 -999 -999 -999 -999 -999 -999 -999 -999 -999 5.2902965040813426 5.266257159877782 5.181048965590827 5.143097920000963 5.11748679069526 5.0576108755631335 5.023861931427817 3.626035949952959 
-999 -999 -999 -999 -999 -999 -999 -999 -999 -999 -999 -999 -999 5.9752524516358 5.458814807781995 5.111188367967747 -999 -999 -999 -999 -999 -999 -999 -999 -999 -999 -999 -999 -999 -999 -999 -999 -999 -999 -999 -999 -999 -999 5.0867510112597705 -999 
-999 -999 -999 42.97088673943825 9.862013622842266 9.761342117986835 9.761342117986835 -999 -999 -999 7.602690093384865 7.272884701838208 6.397471473507585 6.331927970422779 -999 -999 -999 -999 -999 -999 -999 -999 -999 -999 -999 -999 -999 -999 -999 -999 -999 -999 -999 -999 -999 -999 5.3972387321468815 5.24351043011071 5.165130720685241 -999 
-999 -999 -999 -999 -999 -999 9.498451610015216 9.441066303457536 8.922586685103244 8.408653620561035 7.603454684610682 -999 -999 -999 -999 -999 -999 -999 -999 -999 -999 -999 -999 -999 -999 -999 -999 -999 -999 -999 -999 -999 -999 -999 -999 5.676583856701303 5.486459896672447 -999 -999 -999 
-999 -999 -999 -999 -999 -999 -999 -999 -999 -999 -999 -999 -999 -999 -999 -999 -999 -999 -999 -999 -999 -999 -999 -999 -999 -999 -999 -999 -999 -999 -999 -999 -999 -999 5.989844193588274 5.80110717222588 -999 -999 -999 -999 
-999 -999 -999 -999 -999 -999 -999 -999 -999 -999 -999 -999 -999 -999 -999 -999 -999 -999 -999 -999 -999 -999 -999 -999 -999 -999 -999 -999 -999 -999 -999 -999 -999 6.45453320000677 6.207887147221321 -999 -999 -999 -999 -999 
-999 -999 -999 -999 -999 -999 -999 -999 -999 -999 -999 -999 -999 -999 -999 -999 -999 -999 -999 -999 -999 -999 -999 -999 -999 -999 -999 -999 -999 -999 -999 -999 6.730063772581188 6.719984838768953 -999 -999 -999 -999 -999 -999 
-999 -999 -999 -999 -999 -999 -999 -999 -999 -999 -999 -999 -999 -999 -999 -999 -999 -999 -999 -999 -999 -999 -999 -999 -999 -999 -999 -999 -999 -999 9.294572467761725 8.377135575643258 7.285639487629247 -999 -999 -999 -999 -999 -999 -999 
-999 -999 -999 -999 -999 -999 -999 -999 -999 -999 -999 -999 -999 -999 -999 -999 -999 -999 -999 -999 -999 -999 -999 -999 -999 -999 -999 -999 8.57063643518877 9.241478402966266 9.606169521039792 -999 -999 -999 -999 -999 -999 -999 -999 -999 
-999 -999 -999 -999 -999 -999 -999 -999 -999 -999 -999 -999 -999 -999 -999 -999 -999 -999 -999 -999 -999 -999 -999 -999 -999 -999 26.26758459147787 9.564282443517492 8.222670300966215 -999 -999 -999 -999 -999 -999 -999 -999 -999 -999 -999 
-999 -999 -999 -999 -999 -999 -999 -999 -999 -999 -999 -999 -999 -999 -999 -999 -999 -999 -999 -999 -999 -999 -999 -999 -999 -999 42.97088673943825 -999 -999 -999 -999 -999 -999 -999 -999 -999 -999 -999 -999 -999 
-999 -999 -999 -999 -999 -999 -999 -999 -999 -999 -999 -999 -999 -999 -999 -999 -999 -999 -999 -999 -999 -999 -999 -999 -999 -999 -999 -999 -999 -999 -999 -999 -999 -999 -999 -999 -999 -999 -999 -999 
-999 -999 -999 -999 -999 -999 -999 -999 -999 -999 -999 -999 -999 -999 -999 -999 -999 -999 -999 -999 -999 -999 -999 -999 -999 -999 -999 -999 -999 -999 -999 -999 -999 -999 -999 -999 -999 -999 -999 -999 
-999 -999 -999 -999 -999 -999 -999 -999 -999 -999 -999 -999 -999 -999 -999 -999 -999 -999 -999 -999 -999 -999 -999 -999 -999 -999 -999 -999 -999 -999 -999 -999 -999 -999 -999 -999 -999 -999 -999 -999 
